1_1204_day	20	1001	0.019980
1_1204_day	13	1001	0.012987
1_1204_day	19	1001	0.018981
1_1204_day	8	1001	0.007992
1_1204_day	84	1001	0.083916
1_1204_day	2	1001	0.001998
1_1204_day	16	1001	0.015984
1_1204_day	11	1001	0.010989
1_1204_day	20	1001	0.019980
1_1204_day	7	1001	0.006993
2_1204_night	2	1001	0.001998
2_1204_night	8	1001	0.007992
2_1204_night	11	1001	0.010989
2_1204_night	15	1001	0.014985
2_1204_night	6	1001	0.005994
2_1204_night	6	1001	0.005994
2_1204_night	8	1001	0.007992
2_1204_night	9	1001	0.008991
2_1204_night	5	1001	0.004995
2_1204_night	34	1001	0.033966
3_1304_day	9	1001	0.008991
3_1304_day	4	1001	0.003996
3_1304_day	4	1001	0.003996
3_1304_day	5	1001	0.004995
3_1304_day	10	1001	0.009990
3_1304_day	14	1001	0.013986
3_1304_day	5	1001	0.004995
3_1304_day	7	1001	0.006993
3_1304_day	7	1001	0.006993
3_1304_day	5	1001	0.004995
4_1404_day	8	1001	0.007992
4_1404_day	14	1001	0.013986
4_1404_day	6	1001	0.005994
4_1404_day	14	1001	0.013986
4_1404_day	6	1001	0.005994
4_1404_day	9	1001	0.008991
4_1404_day	9	1001	0.008991
4_1404_day	11	1001	0.010989
4_1404_day	9	1001	0.008991
4_1404_day	2	1001	0.001998
5_1404_night	7	1001	0.006993
5_1404_night	10	1001	0.009990
5_1404_night	8	1001	0.007992
5_1404_night	8	1001	0.007992
5_1404_night	7	1001	0.006993
5_1404_night	10	1001	0.009990
5_1404_night	7	1001	0.006993
5_1404_night	2	1001	0.001998
5_1404_night	39	1001	0.038961
5_1404_night	7	1001	0.006993
06_1504_day	13	1001	0.012987
06_1504_day	12	1001	0.011988
06_1504_day	12	1001	0.011988
06_1504_day	18	1001	0.017982
06_1504_day	15	1001	0.014985
06_1504_day	16	1001	0.015984
06_1504_day	13	1001	0.012987
06_1504_day	10	1001	0.009990
06_1504_day	7	1001	0.006993
06_1504_day	12	1001	0.011988
07_1504_night	5	1001	0.004995
07_1504_night	23	1001	0.022977
07_1504_night	11	1001	0.010989
07_1504_night	9	1001	0.008991
07_1504_night	14	1001	0.013986
07_1504_night	16	1001	0.015984
07_1504_night	45	1001	0.044955
07_1504_night	9	1001	0.008991
07_1504_night	28	1001	0.027972
07_1504_night	17	1001	0.016983
08_1604_day	12	1001	0.011988
08_1604_day	14	1001	0.013986
08_1604_day	18	1001	0.017982
08_1604_day	7	1001	0.006993
08_1604_day	5	1001	0.004995
08_1604_day	16	1001	0.015984
08_1604_day	10	1001	0.009990
08_1604_day	24	1001	0.023976
08_1604_day	11	1001	0.010989
08_1604_day	10	1001	0.009990
09_1604_night	17	1001	0.016983
09_1604_night	12	1001	0.011988
09_1604_night	18	1001	0.017982
09_1604_night	9	1001	0.008991
09_1604_night	15	1001	0.014985
09_1604_night	15	1001	0.014985
09_1604_night	20	1001	0.019980
09_1604_night	15	1001	0.014985
09_1604_night	11	1001	0.010989
09_1604_night	14	1001	0.013986
11_1804_day	12	1001	0.011988
11_1804_day	20	1001	0.019980
11_1804_day	18	1001	0.017982
11_1804_day	18	1001	0.017982
11_1804_day	17	1001	0.016983
11_1804_day	13	1001	0.012987
11_1804_day	16	1001	0.015984
11_1804_day	21	1001	0.020979
11_1804_day	18	1001	0.017982
11_1804_day	13	1001	0.012987
11_1804_night	15	1001	0.014985
11_1804_night	16	1001	0.015984
11_1804_night	18	1001	0.017982
11_1804_night	15	1001	0.014985
11_1804_night	15	1001	0.014985
11_1804_night	18	1001	0.017982
11_1804_night	18	1001	0.017982
11_1804_night	43	1001	0.042957
11_1804_night	13	1001	0.012987
11_1804_night	25	1001	0.024975
12_1904_day	23	1001	0.022977
12_1904_day	14	1001	0.013986
12_1904_day	18	1001	0.017982
12_1904_day	22	1001	0.021978
12_1904_day	21	1001	0.020979
12_1904_day	19	1001	0.018981
12_1904_day	13	1001	0.012987
12_1904_day	22	1001	0.021978
12_1904_day	16	1001	0.015984
12_1904_day	13	1001	0.012987
13_1904_night	6	1001	0.005994
13_1904_night	9	1001	0.008991
13_1904_night	15	1001	0.014985
13_1904_night	16	1001	0.015984
13_1904_night	15	1001	0.014985
13_1904_night	14	1001	0.013986
13_1904_night	12	1001	0.011988
13_1904_night	7	1001	0.006993
13_1904_night	13	1001	0.012987
13_1904_night	14	1001	0.013986
14_2004_day	14	1001	0.013986
14_2004_day	14	1001	0.013986
14_2004_day	16	1001	0.015984
14_2004_day	15	1001	0.014985
14_2004_day	15	1001	0.014985
14_2004_day	12	1001	0.011988
14_2004_day	21	1001	0.020979
14_2004_day	12	1001	0.011988
14_2004_day	14	1001	0.013986
14_2004_day	15	1001	0.014985
15_2004_night	12	1001	0.011988
15_2004_night	18	1001	0.017982
15_2004_night	19	1001	0.018981
15_2004_night	16	1001	0.015984
15_2004_night	14	1001	0.013986
15_2004_night	17	1001	0.016983
15_2004_night	43	1001	0.042957
15_2004_night	14	1001	0.013986
15_2004_night	10	1001	0.009990
15_2004_night	6	1001	0.005994
16_2104_day	31	1001	0.030969
16_2104_day	64	1001	0.063936
16_2104_day	17	1001	0.016983
16_2104_day	25	1001	0.024975
16_2104_day	9	1001	0.008991
16_2104_day	137	1001	0.136863
16_2104_day	84	1001	0.083916
16_2104_day	17	1001	0.016983
16_2104_day	92	1001	0.091908
16_2104_day	15	1001	0.014985
27_2604_night	116	1001	0.115884
27_2604_night	133	1001	0.132867
27_2604_night	152	1001	0.151848
27_2604_night	139	1001	0.138861
27_2604_night	133	1001	0.132867
27_2604_night	160	1001	0.159840
27_2604_night	138	1001	0.137862
27_2604_night	140	1001	0.139860
29_2904_night	81	501	0.161677
29_2904_night	71	501	0.141717
29_2904_night	64	501	0.127745
29_2904_night	72	501	0.143713
29_2904_night	71	501	0.141717
29_2904_night	80	501	0.159681
29_2904_night	68	501	0.135729
29_2904_night	69	501	0.137725
29_2904_night	59	501	0.117764
29_2904_night	68	501	0.135729
29_2904_night	73	501	0.145709
29_2904_night	67	501	0.133733
29_2904_night	76	501	0.151697
29_2904_night	79	501	0.157685
29_2904_night	83	501	0.165669
29_2904_night	69	501	0.137725
30_3004_day	63	501	0.125749
30_3004_day	76	501	0.151697
30_3004_day	95	501	0.189621
30_3004_day	92	501	0.183633
30_3004_day	64	501	0.127745
30_3004_day	80	501	0.159681
30_3004_day	71	501	0.141717
30_3004_day	75	501	0.149701
30_3004_day	71	501	0.141717
30_3004_day	76	501	0.151697
30_3004_day	65	501	0.129741
30_3004_day	60	501	0.119760
30_3004_day	72	501	0.143713
30_3004_day	56	501	0.111776
30_3004_day	84	501	0.167665
30_3004_day	65	501	0.129741
30_3004_day	76	501	0.151697
30_3004_day	77	501	0.153693
30_3004_day	71	501	0.141717
30_3004_day	73	501	0.145709
31_3004_night	73	501	0.145709
31_3004_night	74	501	0.147705
31_3004_night	67	501	0.133733
31_3004_night	72	492	0.146341
32_0405_day	47	501	0.093812
32_0405_day	47	501	0.093812
32_0405_day	47	501	0.093812
32_0405_day	45	501	0.089820
32_0405_day	61	501	0.121756
32_0405_day	48	501	0.095808
32_0405_day	44	501	0.087824
32_0405_day	43	501	0.085828
32_0405_day	34	501	0.067864
32_0405_day	35	501	0.069860
32_0405_day	48	501	0.095808
32_0405_day	66	501	0.131737
32_0405_day	34	501	0.067864
32_0405_day	45	501	0.089820
32_0405_day	51	501	0.101796
32_0405_day	34	501	0.067864
33_0405_night	41	501	0.081836
33_0405_night	34	501	0.067864
33_0405_night	44	501	0.087824
33_0405_night	36	501	0.071856
33_0405_night	44	501	0.087824
33_0405_night	38	501	0.075848
33_0405_night	41	501	0.081836
33_0405_night	43	501	0.085828
33_0405_night	43	501	0.085828
33_0405_night	39	501	0.077844
33_0405_night	46	501	0.091816
33_0405_night	38	501	0.075848
33_0405_night	47	501	0.093812
33_0405_night	123	501	0.245509
33_0405_night	44	501	0.087824
33_0405_night	34	501	0.067864
34_0505_day	108	501	0.215569
34_0505_day	97	501	0.193613
34_0505_day	120	501	0.239521
34_0505_day	74	501	0.147705
34_0505_day	84	501	0.167665
34_0505_day	97	501	0.193613
34_0505_day	81	501	0.161677
34_0505_day	64	501	0.127745
34_0505_day	93	501	0.185629
34_0505_day	89	501	0.177645
34_0505_day	118	501	0.235529
34_0505_day	157	501	0.313373
34_0505_day	102	501	0.203593
34_0505_day	158	501	0.315369
34_0505_day	132	501	0.263473
34_0505_day	124	501	0.247505
34_0505_day	148	501	0.295409
34_0505_day	135	501	0.269461
34_0505_day	166	501	0.331337
34_0505_day	152	501	0.303393
35_0505_night	475	501	0.948104
35_0505_night	471	501	0.940120
35_0505_night	466	501	0.930140
35_0505_night	463	501	0.924152
35_0505_night	461	501	0.920160
35_0505_night	462	501	0.922156
35_0505_night	478	501	0.954092
35_0505_night	479	501	0.956088
35_0505_night	467	501	0.932136
35_0505_night	466	501	0.930140
35_0505_night	462	501	0.922156
35_0505_night	461	501	0.920160
35_0505_night	477	501	0.952096
35_0505_night	474	501	0.946108
35_0505_night	472	501	0.942116
35_0505_night	472	501	0.942116
101_1205_day	280	501	0.558882
101_1205_day	270	501	0.538922
101_1205_day	278	501	0.554890
101_1205_day	263	501	0.524950
101_1205_day	255	501	0.508982
101_1205_day	261	501	0.520958
101_1205_day	238	501	0.475050
101_1205_day	259	501	0.516966
101_1205_day	269	501	0.536926
101_1205_day	273	501	0.544910
101_1205_day	232	501	0.463074
101_1205_day	274	501	0.546906
101_1205_day	277	501	0.552894
101_1205_day	288	501	0.574850
101_1205_day	228	501	0.455090
101_1205_day	249	501	0.497006
101_1205_day	250	501	0.499002
101_1205_day	313	501	0.624750
101_1205_day	279	501	0.556886
101_1205_day	263	501	0.524950
102_1205_night	454	501	0.906188
102_1205_night	379	501	0.756487
102_1205_night	305	501	0.608782
102_1205_night	381	501	0.760479
102_1205_night	434	501	0.866267
102_1205_night	372	501	0.742515
102_1205_night	475	501	0.948104
102_1205_night	464	501	0.926148
102_1205_night	388	501	0.774451
102_1205_night	330	501	0.658683
102_1205_night	399	501	0.796407
102_1205_night	363	501	0.724551
102_1205_night	454	501	0.906188
102_1205_night	346	501	0.690619
102_1205_night	411	501	0.820359
102_1205_night	394	501	0.786427
103_1705_day	339	501	0.676647
103_1705_day	322	501	0.642715
103_1705_day	337	501	0.672655
103_1705_day	305	501	0.608782
103_1705_day	321	501	0.640719
103_1705_day	321	501	0.640719
103_1705_day	357	501	0.712575
103_1705_day	275	501	0.548902
103_1705_day	333	501	0.664671
103_1705_day	306	501	0.610778
103_1705_day	450	501	0.898204
103_1705_day	360	501	0.718563
103_1705_day	384	384	1.000000
103_1705_day	501	501	1.000000
103_1705_day	501	501	1.000000
104_1705_night	501	501	1.000000
104_1705_night	501	501	1.000000
104_1705_night	501	501	1.000000
104_1705_night	501	501	1.000000
104_1705_night	501	501	1.000000
104_1705_night	501	501	1.000000
104_1705_night	501	501	1.000000
104_1705_night	501	501	1.000000
104_1705_night	501	501	1.000000
104_1705_night	501	501	1.000000
104_1705_night	501	501	1.000000
104_1705_night	501	501	1.000000
104_1705_night	301	301	1.000000
104_1705_night	501	501	1.000000
104_1705_night	501	501	1.000000
104_1705_night	501	501	1.000000
104_1705_night	501	501	1.000000
104_1705_night	501	501	1.000000
105_1805_day	501	501	1.000000
105_1805_day	501	501	1.000000
105_1805_day	501	501	1.000000
105_1805_day	501	501	1.000000
105_1805_day	501	501	1.000000
105_1805_day	501	501	1.000000
105_1805_day	501	501	1.000000
105_1805_day	501	501	1.000000
105_1805_day	501	501	1.000000
105_1805_day	501	501	1.000000
105_1805_day	501	501	1.000000
105_1805_day	501	501	1.000000
105_1805_day	501	501	1.000000
105_1805_day	501	501	1.000000
105_1805_day	501	501	1.000000
105_1805_day	501	501	1.000000
105_1805_day	501	501	1.000000
105_1805_day	501	501	1.000000
105_1805_day	501	501	1.000000
105_1805_day	501	501	1.000000
106_1805_day2	501	501	1.000000
106_1805_day2	501	501	1.000000
106_1805_day2	501	501	1.000000
106_1805_day2	501	501	1.000000
106_1805_day2	501	501	1.000000
106_1805_day2	501	501	1.000000
106_1805_day2	501	501	1.000000
106_1805_day2	501	501	1.000000
106_1805_day2	501	501	1.000000
106_1805_day2	501	501	1.000000
107_1805_night	501	501	1.000000
107_1805_night	501	501	1.000000
107_1805_night	501	501	1.000000
107_1805_night	501	501	1.000000
107_1805_night	501	501	1.000000
107_1805_night	501	501	1.000000
107_1805_night	501	501	1.000000
107_1805_night	501	501	1.000000
107_1805_night	501	501	1.000000
107_1805_night	501	501	1.000000
107_1805_night	501	501	1.000000
107_1805_night	501	501	1.000000
107_1805_night	501	501	1.000000
107_1805_night	501	501	1.000000
107_1805_night	501	501	1.000000
107_1805_night	501	501	1.000000
108_0906_night	330	501	0.658683
108_0906_night	322	501	0.642715
108_0906_night	338	501	0.674651
108_0906_night	326	501	0.650699
108_0906_night	326	501	0.650699
108_0906_night	343	501	0.684631
108_0906_night	356	501	0.710579
108_0906_night	339	501	0.676647
108_0906_night	328	501	0.654691
108_0906_night	328	501	0.654691
108_0906_night	315	501	0.628743
108_0906_night	337	501	0.672655
108_0906_night	318	501	0.634731
108_0906_night	323	501	0.644711
108_0906_night	326	501	0.650699
108_0906_night	335	501	0.668663
110_1206_day	324	501	0.646707
110_1206_day	251	501	0.500998
110_1206_day	330	501	0.658683
110_1206_day	210	501	0.419162
110_1206_day	205	501	0.409182
110_1206_day	218	501	0.435130
110_1206_day	231	501	0.461078
110_1206_day	275	501	0.548902
110_1206_day	400	501	0.798403
110_1206_day	194	501	0.387226
110_1206_day	175	501	0.349301
110_1206_day	228	501	0.455090
110_1206_day	249	501	0.497006
110_1206_day	285	501	0.568862
110_1206_day	219	501	0.437126
110_1206_day	296	501	0.590818
110_1206_day	209	501	0.417166
110_1206_day	272	501	0.542914
110_1206_day	231	501	0.461078
110_1206_day	337	501	0.672655
112_2106_day	293	501	0.584830
112_2106_day	314	501	0.626747
112_2106_day	324	501	0.646707
112_2106_day	335	501	0.668663
112_2106_day	387	501	0.772455
112_2106_day	356	501	0.710579
112_2106_day	336	501	0.670659
112_2106_day	312	501	0.622754
112_2106_day	299	501	0.596806
112_2106_day	45	501	0.089820
113_2206_day	8	501	0.015968
113_2206_day	2	501	0.003992
113_2206_day	6	501	0.011976
113_2206_day	3	501	0.005988
113_2206_day	1	501	0.001996
113_2206_day	5	501	0.009980
113_2206_day	6	501	0.011976
113_2206_day	9	501	0.017964
113_2206_day	8	501	0.015968
113_2206_day	8	501	0.015968
114_2206_night	6	501	0.011976
114_2206_night	4	501	0.007984
114_2206_night	2	501	0.003992
114_2206_night	3	501	0.005988
114_2206_night	7	501	0.013972
114_2206_night	7	501	0.013972
114_2206_night	7	501	0.013972
114_2206_night	3	501	0.005988
114_2206_night	4	501	0.007984
114_2206_night	3	501	0.005988
115_2306_day	10	501	0.019960
115_2306_day	10	501	0.019960
115_2306_day	6	501	0.011976
115_2306_day	3	501	0.005988
115_2306_day	9	501	0.017964
115_2306_day	4	501	0.007984
115_2306_day	7	501	0.013972
115_2306_day	3	501	0.005988
115_2306_day	2	501	0.003992
115_2306_day	7	501	0.013972
115_2306_day	9	501	0.017964
115_2306_day	4	501	0.007984
115_2306_day	5	501	0.009980
115_2306_day	5	501	0.009980
115_2306_day	8	501	0.015968
115_2306_day	6	501	0.011976
115_2306_day	6	501	0.011976
115_2306_day	7	501	0.013972
115_2306_day	6	501	0.011976
115_2306_day	9	501	0.017964
117_2506_day	6	501	0.011976
117_2506_day	6	501	0.011976
117_2506_day	4	501	0.007984
117_2506_day	2	501	0.003992
117_2506_day	12	501	0.023952
117_2506_day	4	501	0.007984
117_2506_day	5	501	0.009980
117_2506_day	5	501	0.009980
117_2506_day	8	501	0.015968
117_2506_day	3	501	0.005988
351	475	501	0.948104
351	471	501	0.940120
351	466	501	0.930140
351	462	501	0.922156
351	463	501	0.924152
351	461	501	0.920160
351	475	501	0.948104
351	471	501	0.940120
351	461	501	0.920160
351	463	501	0.924152
351	466	501	0.930140
351	462	501	0.922156
10_12to21_night	15	1001	0.014985
10_12to21_night	18	1001	0.017982
10_12to21_night	16	1001	0.015984
10_12to21_night	18	1001	0.017982
10_12to21_night	15	1001	0.014985
10_12to21_night	15	1001	0.014985
10_12to21_night	25	1001	0.024975
10_12to21_night	18	1001	0.017982
10_12to21_night	6	1001	0.005994
10_12to21_night	43	1001	0.042957
10_12to21_night	16	1001	0.015984
10_12to21_night	13	1001	0.012987
10_12to21_night	9	1001	0.008991
10_12to21_night	15	1001	0.014985
10_12to21_night	15	1001	0.014985
10_12to21_night	14	1001	0.013986
10_12to21_night	14	1001	0.013986
10_12to21_night	7	1001	0.006993
10_12to21_night	12	1001	0.011988
10_12to21_night	14	1001	0.013986
10_12to21_night	12	1001	0.011988
10_12to21_night	18	1001	0.017982
10_12to21_night	17	1001	0.016983
10_12to21_night	13	1001	0.012987
10_12to21_night	43	1001	0.042957
10_12to21_night	16	1001	0.015984
10_12to21_night	19	1001	0.018981
10_12to21_night	10	1001	0.009990
10_12to21_night	14	1001	0.013986
10_12to21_night	6	1001	0.005994
10_12to21_night	7	1001	0.006993
10_12to21_night	7	1001	0.006993
10_12to21_night	8	1001	0.007992
10_12to21_night	10	1001	0.009990
10_12to21_night	8	1001	0.007992
10_12to21_night	10	1001	0.009990
10_12to21_night	7	1001	0.006993
10_12to21_night	39	1001	0.038961
10_12to21_night	2	1001	0.001998
10_12to21_night	16	1001	0.015984
10_12to21_night	7	1001	0.006993
10_12to21_night	14	1001	0.013986
10_12to21_night	9	1001	0.008991
10_12to21_night	23	1001	0.022977
10_12to21_night	11	1001	0.010989
10_12to21_night	5	1001	0.004995
10_12to21_night	9	1001	0.008991
10_12to21_night	17	1001	0.016983
10_12to21_night	15	1001	0.014985
10_12to21_night	17	1001	0.016983
10_12to21_night	45	1001	0.044955
10_12to21_night	9	1001	0.008991
10_12to21_night	28	1001	0.027972
10_12to21_night	12	1001	0.011988
10_12to21_night	11	1001	0.010989
10_12to21_night	20	1001	0.019980
10_12to21_night	15	1001	0.014985
10_12to21_night	15	1001	0.014985
10_12to21_night	14	1001	0.013986
10_12to21_night	18	1001	0.017982
00_12to18_day	17	1001	0.016983
00_12to18_day	13	1001	0.012987
00_12to18_day	12	1001	0.011988
00_12to18_day	21	1001	0.020979
00_12to18_day	14	1001	0.013986
00_12to18_day	14	1001	0.013986
00_12to18_day	20	1001	0.019980
00_12to18_day	23	1001	0.022977
00_12to18_day	84	1001	0.083916
00_12to18_day	12	1001	0.011988
00_12to18_day	14	1001	0.013986
00_12to18_day	13	1001	0.012987
00_12to18_day	20	1001	0.019980
00_12to18_day	8	1001	0.007992
00_12to18_day	2	1001	0.001998
00_12to18_day	16	1001	0.015984
00_12to18_day	7	1001	0.006993
00_12to18_day	19	1001	0.018981
00_12to18_day	20	1001	0.019980
00_12to18_day	4	1001	0.003996
00_12to18_day	9	1001	0.008991
00_12to18_day	4	1001	0.003996
00_12to18_day	11	1001	0.010989
00_12to18_day	14	1001	0.013986
00_12to18_day	5	1001	0.004995
00_12to18_day	5	1001	0.004995
00_12to18_day	7	1001	0.006993
00_12to18_day	7	1001	0.006993
00_12to18_day	10	1001	0.009990
00_12to18_day	5	1001	0.004995
00_12to18_day	6	1001	0.005994
00_12to18_day	14	1001	0.013986
00_12to18_day	8	1001	0.007992
00_12to18_day	9	1001	0.008991
00_12to18_day	14	1001	0.013986
00_12to18_day	6	1001	0.005994
00_12to18_day	9	1001	0.008991
00_12to18_day	9	1001	0.008991
00_12to18_day	2	1001	0.001998
00_12to18_day	11	1001	0.010989
00_12to18_day	15	1001	0.014985
00_12to18_day	16	1001	0.015984
00_12to18_day	12	1001	0.011988
00_12to18_day	18	1001	0.017982
00_12to18_day	12	1001	0.011988
00_12to18_day	10	1001	0.009990
00_12to18_day	13	1001	0.012987
00_12to18_day	13	1001	0.012987
00_12to18_day	14	1001	0.013986
00_12to18_day	9	1001	0.008991
00_12to18_day	5	1001	0.004995
00_12to18_day	12	1001	0.011988
00_12to18_day	7	1001	0.006993
00_12to18_day	16	1001	0.015984
00_12to18_day	17	1001	0.016983
00_12to18_day	9	1001	0.008991
00_12to18_day	11	1001	0.010989
00_12to18_day	45	1001	0.044955
00_12to18_day	28	1001	0.027972
00_12to18_day	23	1001	0.022977
00_12to18_day	12	1001	0.011988
00_12to18_day	5	1001	0.004995
00_12to18_day	14	1001	0.013986
00_12to18_day	16	1001	0.015984
00_12to18_day	7	1001	0.006993
00_12to18_day	18	1001	0.017982
00_12to18_day	10	1001	0.009990
00_12to18_day	24	1001	0.023976
00_12to18_day	11	1001	0.010989
00_12to18_day	10	1001	0.009990
00_12to18_day	14	1001	0.013986
00_12to18_day	13	1001	0.012987
00_12to18_day	21	1001	0.020979
00_12to18_day	17	1001	0.016983
00_12to18_day	12	1001	0.011988
00_12to18_day	14	1001	0.013986
00_12to18_day	13	1001	0.012987
00_12to18_day	12	1001	0.011988
00_12to18_day	20	1001	0.019980
00_12to18_day	84	1001	0.083916
00_12to18_day	23	1001	0.022977
00_12to18_day	14	1001	0.013986
00_12to18_day	8	1001	0.007992
00_12to18_day	20	1001	0.019980
00_12to18_day	19	1001	0.018981
00_12to18_day	2	1001	0.001998
00_12to18_day	7	1001	0.006993
00_12to18_day	16	1001	0.015984
00_12to18_day	20	1001	0.019980
00_12to18_day	11	1001	0.010989
00_12to18_day	4	1001	0.003996
00_12to18_day	4	1001	0.003996
00_12to18_day	9	1001	0.008991
00_12to18_day	14	1001	0.013986
00_12to18_day	7	1001	0.006993
00_12to18_day	5	1001	0.004995
00_12to18_day	7	1001	0.006993
00_12to18_day	5	1001	0.004995
00_12to18_day	5	1001	0.004995
00_12to18_day	10	1001	0.009990
00_12to18_day	6	1001	0.005994
00_12to18_day	14	1001	0.013986
00_12to18_day	14	1001	0.013986
00_12to18_day	6	1001	0.005994
00_12to18_day	8	1001	0.007992
00_12to18_day	9	1001	0.008991
00_12to18_day	9	1001	0.008991
00_12to18_day	11	1001	0.010989
00_12to18_day	2	1001	0.001998
00_12to18_day	15	1001	0.014985
00_12to18_day	9	1001	0.008991
00_12to18_day	16	1001	0.015984
00_12to18_day	13	1001	0.012987
00_12to18_day	12	1001	0.011988
00_12to18_day	10	1001	0.009990
00_12to18_day	12	1001	0.011988
00_12to18_day	13	1001	0.012987
00_12to18_day	18	1001	0.017982
00_12to18_day	7	1001	0.006993
00_12to18_day	5	1001	0.004995
00_12to18_day	16	1001	0.015984
00_12to18_day	12	1001	0.011988
00_12to18_day	9	1001	0.008991
00_12to18_day	14	1001	0.013986
00_12to18_day	11	1001	0.010989
00_12to18_day	45	1001	0.044955
00_12to18_day	17	1001	0.016983
00_12to18_day	23	1001	0.022977
00_12to18_day	9	1001	0.008991
00_12to18_day	28	1001	0.027972
00_12to18_day	12	1001	0.011988
00_12to18_day	16	1001	0.015984
00_12to18_day	14	1001	0.013986
00_12to18_day	18	1001	0.017982
00_12to18_day	5	1001	0.004995
00_12to18_day	7	1001	0.006993
00_12to18_day	10	1001	0.009990
00_12to18_day	10	1001	0.009990
00_12to18_day	11	1001	0.010989
00_12to18_day	24	1001	0.023976
00_12to18_day	12	1001	0.011988
00_12to18_day	21	1001	0.020979
00_12to18_day	13	1001	0.012987
00_12to18_day	17	1001	0.016983
00_12to18_day	14	1001	0.013986
00_12to18_day	14	1001	0.013986
00_12to18_day	14	1001	0.013986
00_12to18_day	20	1001	0.019980
00_12to18_day	23	1001	0.022977
00_12to18_day	13	1001	0.012987
00_12to18_day	84	1001	0.083916
00_12to18_day	12	1001	0.011988
00_12to18_day	7	1001	0.006993
00_12to18_day	20	1001	0.019980
00_12to18_day	2	1001	0.001998
00_12to18_day	19	1001	0.018981
00_12to18_day	16	1001	0.015984
00_12to18_day	8	1001	0.007992
00_12to18_day	4	1001	0.003996
00_12to18_day	20	1001	0.019980
00_12to18_day	9	1001	0.008991
00_12to18_day	11	1001	0.010989
00_12to18_day	4	1001	0.003996
00_12to18_day	14	1001	0.013986
00_12to18_day	7	1001	0.006993
00_12to18_day	5	1001	0.004995
00_12to18_day	5	1001	0.004995
00_12to18_day	5	1001	0.004995
00_12to18_day	10	1001	0.009990
00_12to18_day	7	1001	0.006993
00_12to18_day	14	1001	0.013986
00_12to18_day	8	1001	0.007992
00_12to18_day	6	1001	0.005994
00_12to18_day	6	1001	0.005994
00_12to18_day	9	1001	0.008991
00_12to18_day	14	1001	0.013986
00_12to18_day	15	1001	0.014985
00_12to18_day	9	1001	0.008991
00_12to18_day	11	1001	0.010989
00_12to18_day	16	1001	0.015984
00_12to18_day	2	1001	0.001998
00_12to18_day	9	1001	0.008991
00_12to18_day	13	1001	0.012987
00_12to18_day	10	1001	0.009990
00_12to18_day	12	1001	0.011988
00_12to18_day	13	1001	0.012987
00_12to18_day	18	1001	0.017982
00_12to18_day	12	1001	0.011988
00_12to18_day	14	1001	0.013986
00_12to18_day	5	1001	0.004995
00_12to18_day	16	1001	0.015984
00_12to18_day	9	1001	0.008991
00_12to18_day	12	1001	0.011988
00_12to18_day	7	1001	0.006993
00_12to18_day	9	1001	0.008991
00_12to18_day	28	1001	0.027972
00_12to18_day	11	1001	0.010989
00_12to18_day	17	1001	0.016983
00_12to18_day	23	1001	0.022977
00_12to18_day	45	1001	0.044955
00_12to18_day	16	1001	0.015984
00_12to18_day	12	1001	0.011988
00_12to18_day	18	1001	0.017982
00_12to18_day	7	1001	0.006993
00_12to18_day	14	1001	0.013986
00_12to18_day	5	1001	0.004995
00_12to18_day	10	1001	0.009990
00_12to18_day	24	1001	0.023976
00_12to18_day	11	1001	0.010989
00_12to18_day	10	1001	0.009990
00_12to18_day	12	1001	0.011988
00_12to18_day	21	1001	0.020979
00_12to18_day	14	1001	0.013986
00_12to18_day	14	1001	0.013986
00_12to18_day	13	1001	0.012987
00_12to18_day	17	1001	0.016983
00_12to18_day	13	1001	0.012987
00_12to18_day	20	1001	0.019980
00_12to18_day	23	1001	0.022977
00_12to18_day	12	1001	0.011988
00_12to18_day	14	1001	0.013986
00_12to18_day	84	1001	0.083916
00_12to18_day	2	1001	0.001998
00_12to18_day	7	1001	0.006993
00_12to18_day	16	1001	0.015984
00_12to18_day	20	1001	0.019980
00_12to18_day	19	1001	0.018981
00_12to18_day	8	1001	0.007992
00_12to18_day	4	1001	0.003996
00_12to18_day	11	1001	0.010989
00_12to18_day	4	1001	0.003996
00_12to18_day	20	1001	0.019980
00_12to18_day	9	1001	0.008991
00_12to18_day	14	1001	0.013986
00_12to18_day	5	1001	0.004995
00_12to18_day	5	1001	0.004995
00_12to18_day	7	1001	0.006993
00_12to18_day	10	1001	0.009990
00_12to18_day	5	1001	0.004995
00_12to18_day	7	1001	0.006993
00_12to18_day	6	1001	0.005994
00_12to18_day	14	1001	0.013986
00_12to18_day	14	1001	0.013986
00_12to18_day	9	1001	0.008991
00_12to18_day	6	1001	0.005994
00_12to18_day	8	1001	0.007992
00_12to18_day	11	1001	0.010989
00_12to18_day	9	1001	0.008991
00_12to18_day	15	1001	0.014985
00_12to18_day	9	1001	0.008991
00_12to18_day	2	1001	0.001998
00_12to18_day	16	1001	0.015984
00_12to18_day	13	1001	0.012987
00_12to18_day	13	1001	0.012987
00_12to18_day	10	1001	0.009990
00_12to18_day	12	1001	0.011988
00_12to18_day	12	1001	0.011988
00_12to18_day	18	1001	0.017982
00_12to18_day	7	1001	0.006993
00_12to18_day	12	1001	0.011988
00_12to18_day	5	1001	0.004995
00_12to18_day	9	1001	0.008991
00_12to18_day	14	1001	0.013986
00_12to18_day	16	1001	0.015984
00_12to18_day	11	1001	0.010989
00_12to18_day	17	1001	0.016983
00_12to18_day	23	1001	0.022977
00_12to18_day	28	1001	0.027972
00_12to18_day	45	1001	0.044955
00_12to18_day	9	1001	0.008991
00_12to18_day	12	1001	0.011988
00_12to18_day	5	1001	0.004995
00_12to18_day	16	1001	0.015984
00_12to18_day	14	1001	0.013986
00_12to18_day	7	1001	0.006993
00_12to18_day	18	1001	0.017982
00_12to18_day	10	1001	0.009990
00_12to18_day	10	1001	0.009990
00_12to18_day	11	1001	0.010989
00_12to18_day	24	1001	0.023976
00_12to18_day	14	1001	0.013986
00_12to18_day	17	1001	0.016983
00_12to18_day	14	1001	0.013986
00_12to18_day	21	1001	0.020979
00_12to18_day	12	1001	0.011988
00_12to18_day	13	1001	0.012987
00_12to18_day	12	1001	0.011988
00_12to18_day	84	1001	0.083916
00_12to18_day	23	1001	0.022977
00_12to18_day	20	1001	0.019980
00_12to18_day	13	1001	0.012987
00_12to18_day	14	1001	0.013986
00_12to18_day	20	1001	0.019980
00_12to18_day	16	1001	0.015984
00_12to18_day	8	1001	0.007992
00_12to18_day	19	1001	0.018981
00_12to18_day	2	1001	0.001998
00_12to18_day	7	1001	0.006993
00_12to18_day	20	1001	0.019980
00_12to18_day	4	1001	0.003996
00_12to18_day	9	1001	0.008991
00_12to18_day	11	1001	0.010989
00_12to18_day	4	1001	0.003996
00_12to18_day	14	1001	0.013986
00_12to18_day	7	1001	0.006993
00_12to18_day	7	1001	0.006993
00_12to18_day	5	1001	0.004995
00_12to18_day	5	1001	0.004995
00_12to18_day	5	1001	0.004995
00_12to18_day	10	1001	0.009990
00_12to18_day	6	1001	0.005994
00_12to18_day	14	1001	0.013986
00_12to18_day	14	1001	0.013986
00_12to18_day	6	1001	0.005994
00_12to18_day	8	1001	0.007992
00_12to18_day	9	1001	0.008991
00_12to18_day	9	1001	0.008991
00_12to18_day	2	1001	0.001998
00_12to18_day	15	1001	0.014985
00_12to18_day	11	1001	0.010989
00_12to18_day	16	1001	0.015984
00_12to18_day	9	1001	0.008991
00_12to18_day	13	1001	0.012987
00_12to18_day	10	1001	0.009990
00_12to18_day	12	1001	0.011988
00_12to18_day	12	1001	0.011988
00_12to18_day	13	1001	0.012987
00_12to18_day	18	1001	0.017982
00_12to18_day	7	1001	0.006993
00_12to18_day	5	1001	0.004995
00_12to18_day	16	1001	0.015984
00_12to18_day	14	1001	0.013986
00_12to18_day	12	1001	0.011988
00_12to18_day	9	1001	0.008991
00_12to18_day	11	1001	0.010989
00_12to18_day	45	1001	0.044955
00_12to18_day	23	1001	0.022977
00_12to18_day	17	1001	0.016983
00_12to18_day	9	1001	0.008991
00_12to18_day	28	1001	0.027972
00_12to18_day	12	1001	0.011988
00_12to18_day	18	1001	0.017982
00_12to18_day	16	1001	0.015984
00_12to18_day	5	1001	0.004995
00_12to18_day	14	1001	0.013986
00_12to18_day	7	1001	0.006993
00_12to18_day	10	1001	0.009990
00_12to18_day	10	1001	0.009990
00_12to18_day	24	1001	0.023976
00_12to18_day	11	1001	0.010989
00_12to18_day	21	1001	0.020979
00_12to18_day	14	1001	0.013986
00_12to18_day	13	1001	0.012987
00_12to18_day	14	1001	0.013986
00_12to18_day	17	1001	0.016983
00_12to18_day	12	1001	0.011988
00_12to18_day	13	1001	0.012987
00_12to18_day	14	1001	0.013986
00_12to18_day	84	1001	0.083916
00_12to18_day	23	1001	0.022977
00_12to18_day	12	1001	0.011988
00_12to18_day	20	1001	0.019980
00_12to18_day	2	1001	0.001998
00_12to18_day	7	1001	0.006993
00_12to18_day	8	1001	0.007992
00_12to18_day	16	1001	0.015984
00_12to18_day	20	1001	0.019980
00_12to18_day	19	1001	0.018981
00_12to18_day	11	1001	0.010989
00_12to18_day	20	1001	0.019980
00_12to18_day	9	1001	0.008991
00_12to18_day	4	1001	0.003996
00_12to18_day	4	1001	0.003996
00_12to18_day	14	1001	0.013986
00_12to18_day	5	1001	0.004995
00_12to18_day	7	1001	0.006993
00_12to18_day	10	1001	0.009990
00_12to18_day	5	1001	0.004995
00_12to18_day	5	1001	0.004995
00_12to18_day	7	1001	0.006993
00_12to18_day	14	1001	0.013986
00_12to18_day	6	1001	0.005994
00_12to18_day	14	1001	0.013986
00_12to18_day	6	1001	0.005994
00_12to18_day	8	1001	0.007992
00_12to18_day	9	1001	0.008991
00_12to18_day	9	1001	0.008991
00_12to18_day	11	1001	0.010989
00_12to18_day	15	1001	0.014985
00_12to18_day	16	1001	0.015984
00_12to18_day	9	1001	0.008991
00_12to18_day	2	1001	0.001998
00_12to18_day	12	1001	0.011988
00_12to18_day	18	1001	0.017982
00_12to18_day	13	1001	0.012987
00_12to18_day	13	1001	0.012987
00_12to18_day	12	1001	0.011988
00_12to18_day	10	1001	0.009990
00_12to18_day	12	1001	0.011988
00_12to18_day	7	1001	0.006993
00_12to18_day	5	1001	0.004995
00_12to18_day	16	1001	0.015984
00_12to18_day	9	1001	0.008991
00_12to18_day	14	1001	0.013986
00_12to18_day	45	1001	0.044955
00_12to18_day	17	1001	0.016983
00_12to18_day	11	1001	0.010989
00_12to18_day	28	1001	0.027972
00_12to18_day	23	1001	0.022977
00_12to18_day	9	1001	0.008991
00_12to18_day	12	1001	0.011988
00_12to18_day	16	1001	0.015984
00_12to18_day	18	1001	0.017982
00_12to18_day	5	1001	0.004995
00_12to18_day	14	1001	0.013986
00_12to18_day	7	1001	0.006993
00_12to18_day	10	1001	0.009990
00_12to18_day	10	1001	0.009990
00_12to18_day	11	1001	0.010989
00_12to18_day	24	1001	0.023976
00_12to18_day	14	1001	0.013986
00_12to18_day	13	1001	0.012987
00_12to18_day	17	1001	0.016983
00_12to18_day	14	1001	0.013986
00_12to18_day	12	1001	0.011988
00_12to18_day	21	1001	0.020979
00_12to18_day	14	1001	0.013986
00_12to18_day	13	1001	0.012987
00_12to18_day	20	1001	0.019980
00_12to18_day	84	1001	0.083916
00_12to18_day	12	1001	0.011988
00_12to18_day	23	1001	0.022977
00_12to18_day	16	1001	0.015984
00_12to18_day	7	1001	0.006993
00_12to18_day	20	1001	0.019980
00_12to18_day	2	1001	0.001998
00_12to18_day	19	1001	0.018981
00_12to18_day	8	1001	0.007992
00_12to18_day	20	1001	0.019980
00_12to18_day	4	1001	0.003996
00_12to18_day	11	1001	0.010989
00_12to18_day	9	1001	0.008991
00_12to18_day	4	1001	0.003996
00_12to18_day	14	1001	0.013986
00_12to18_day	5	1001	0.004995
00_12to18_day	10	1001	0.009990
00_12to18_day	7	1001	0.006993
00_12to18_day	5	1001	0.004995
00_12to18_day	7	1001	0.006993
00_12to18_day	5	1001	0.004995
00_12to18_day	14	1001	0.013986
00_12to18_day	9	1001	0.008991
00_12to18_day	6	1001	0.005994
00_12to18_day	8	1001	0.007992
00_12to18_day	14	1001	0.013986
00_12to18_day	6	1001	0.005994
00_12to18_day	9	1001	0.008991
00_12to18_day	11	1001	0.010989
00_12to18_day	9	1001	0.008991
00_12to18_day	2	1001	0.001998
00_12to18_day	15	1001	0.014985
00_12to18_day	16	1001	0.015984
00_12to18_day	12	1001	0.011988
00_12to18_day	18	1001	0.017982
00_12to18_day	10	1001	0.009990
00_12to18_day	13	1001	0.012987
00_12to18_day	12	1001	0.011988
00_12to18_day	13	1001	0.012987
00_12to18_day	9	1001	0.008991
00_12to18_day	5	1001	0.004995
00_12to18_day	7	1001	0.006993
00_12to18_day	12	1001	0.011988
00_12to18_day	14	1001	0.013986
00_12to18_day	16	1001	0.015984
00_12to18_day	28	1001	0.027972
00_12to18_day	45	1001	0.044955
00_12to18_day	17	1001	0.016983
00_12to18_day	9	1001	0.008991
00_12to18_day	11	1001	0.010989
00_12to18_day	23	1001	0.022977
00_12to18_day	12	1001	0.011988
00_12to18_day	5	1001	0.004995
00_12to18_day	16	1001	0.015984
00_12to18_day	14	1001	0.013986
00_12to18_day	7	1001	0.006993
00_12to18_day	18	1001	0.017982
00_12to18_day	11	1001	0.010989
00_12to18_day	10	1001	0.009990
00_12to18_day	24	1001	0.023976
00_12to18_day	10	1001	0.009990
00_12to18_day	14	1001	0.013986
00_12to18_day	21	1001	0.020979
00_12to18_day	13	1001	0.012987
00_12to18_day	17	1001	0.016983
00_12to18_day	12	1001	0.011988
00_12to18_day	14	1001	0.013986
00_12to18_day	23	1001	0.022977
00_12to18_day	20	1001	0.019980
00_12to18_day	84	1001	0.083916
00_12to18_day	12	1001	0.011988
00_12to18_day	14	1001	0.013986
00_12to18_day	13	1001	0.012987
00_12to18_day	2	1001	0.001998
00_12to18_day	19	1001	0.018981
00_12to18_day	8	1001	0.007992
00_12to18_day	16	1001	0.015984
00_12to18_day	20	1001	0.019980
00_12to18_day	7	1001	0.006993
00_12to18_day	9	1001	0.008991
00_12to18_day	4	1001	0.003996
00_12to18_day	11	1001	0.010989
00_12to18_day	4	1001	0.003996
00_12to18_day	20	1001	0.019980
00_12to18_day	14	1001	0.013986
00_12to18_day	5	1001	0.004995
00_12to18_day	10	1001	0.009990
00_12to18_day	5	1001	0.004995
00_12to18_day	7	1001	0.006993
00_12to18_day	7	1001	0.006993
00_12to18_day	5	1001	0.004995
00_12to18_day	14	1001	0.013986
00_12to18_day	6	1001	0.005994
00_12to18_day	14	1001	0.013986
00_12to18_day	6	1001	0.005994
00_12to18_day	8	1001	0.007992
00_12to18_day	9	1001	0.008991
00_12to18_day	9	1001	0.008991
00_12to18_day	15	1001	0.014985
00_12to18_day	9	1001	0.008991
00_12to18_day	2	1001	0.001998
00_12to18_day	11	1001	0.010989
00_12to18_day	16	1001	0.015984
00_12to18_day	12	1001	0.011988
00_12to18_day	18	1001	0.017982
00_12to18_day	13	1001	0.012987
00_12to18_day	13	1001	0.012987
00_12to18_day	12	1001	0.011988
00_12to18_day	10	1001	0.009990
00_12to18_day	5	1001	0.004995
00_12to18_day	9	1001	0.008991
00_12to18_day	14	1001	0.013986
00_12to18_day	16	1001	0.015984
00_12to18_day	12	1001	0.011988
00_12to18_day	7	1001	0.006993
00_12to18_day	9	1001	0.008991
00_12to18_day	23	1001	0.022977
00_12to18_day	11	1001	0.010989
00_12to18_day	17	1001	0.016983
00_12to18_day	28	1001	0.027972
00_12to18_day	45	1001	0.044955
00_12to18_day	14	1001	0.013986
00_12to18_day	16	1001	0.015984
00_12to18_day	5	1001	0.004995
00_12to18_day	18	1001	0.017982
00_12to18_day	12	1001	0.011988
00_12to18_day	7	1001	0.006993
00_12to18_day	24	1001	0.023976
00_12to18_day	10	1001	0.009990
00_12to18_day	10	1001	0.009990
00_12to18_day	11	1001	0.010989
06_1504_day	12	1001	0.011988
06_1504_day	15	1001	0.014985
06_1504_day	18	1001	0.017982
06_1504_day	12	1001	0.011988
06_1504_day	16	1001	0.015984
06_1504_day	13	1001	0.012987
06_1504_day	7	1001	0.006993
06_1504_day	13	1001	0.012987
06_1504_day	10	1001	0.009990
06_1504_day	12	1001	0.011988
06_1504_day	12	1001	0.011988
06_1504_day	15	1001	0.014985
06_1504_day	12	1001	0.011988
06_1504_day	18	1001	0.017982
06_1504_day	13	1001	0.012987
06_1504_day	16	1001	0.015984
06_1504_day	7	1001	0.006993
06_1504_day	13	1001	0.012987
06_1504_day	10	1001	0.009990
06_1504_day	12	1001	0.011988
00_12to18_day	14	1001	0.013986
00_12to18_day	12	1001	0.011988
00_12to18_day	21	1001	0.020979
00_12to18_day	17	1001	0.016983
00_12to18_day	13	1001	0.012987
00_12to18_day	14	1001	0.013986
00_12to18_day	20	1001	0.019980
00_12to18_day	12	1001	0.011988
00_12to18_day	23	1001	0.022977
00_12to18_day	13	1001	0.012987
00_12to18_day	14	1001	0.013986
00_12to18_day	84	1001	0.083916
00_12to18_day	16	1001	0.015984
00_12to18_day	7	1001	0.006993
00_12to18_day	2	1001	0.001998
00_12to18_day	20	1001	0.019980
00_12to18_day	8	1001	0.007992
00_12to18_day	19	1001	0.018981
00_12to18_day	11	1001	0.010989
00_12to18_day	4	1001	0.003996
00_12to18_day	20	1001	0.019980
00_12to18_day	4	1001	0.003996
00_12to18_day	9	1001	0.008991
00_12to18_day	14	1001	0.013986
00_12to18_day	5	1001	0.004995
00_12to18_day	10	1001	0.009990
00_12to18_day	5	1001	0.004995
00_12to18_day	7	1001	0.006993
00_12to18_day	5	1001	0.004995
00_12to18_day	7	1001	0.006993
00_12to18_day	6	1001	0.005994
00_12to18_day	14	1001	0.013986
00_12to18_day	8	1001	0.007992
00_12to18_day	14	1001	0.013986
00_12to18_day	6	1001	0.005994
00_12to18_day	9	1001	0.008991
00_12to18_day	11	1001	0.010989
00_12to18_day	2	1001	0.001998
00_12to18_day	9	1001	0.008991
00_12to18_day	16	1001	0.015984
00_12to18_day	9	1001	0.008991
00_12to18_day	15	1001	0.014985
00_12to18_day	18	1001	0.017982
00_12to18_day	13	1001	0.012987
00_12to18_day	12	1001	0.011988
00_12to18_day	10	1001	0.009990
00_12to18_day	13	1001	0.012987
00_12to18_day	12	1001	0.011988
00_12to18_day	5	1001	0.004995
00_12to18_day	9	1001	0.008991
00_12to18_day	16	1001	0.015984
00_12to18_day	7	1001	0.006993
00_12to18_day	14	1001	0.013986
00_12to18_day	12	1001	0.011988
00_12to18_day	17	1001	0.016983
00_12to18_day	11	1001	0.010989
00_12to18_day	9	1001	0.008991
00_12to18_day	28	1001	0.027972
00_12to18_day	23	1001	0.022977
00_12to18_day	45	1001	0.044955
00_12to18_day	16	1001	0.015984
00_12to18_day	14	1001	0.013986
00_12to18_day	5	1001	0.004995
00_12to18_day	7	1001	0.006993
00_12to18_day	12	1001	0.011988
00_12to18_day	18	1001	0.017982
00_12to18_day	10	1001	0.009990
00_12to18_day	24	1001	0.023976
00_12to18_day	11	1001	0.010989
00_12to18_day	10	1001	0.009990
00_12to18_day	13	1001	0.012987
00_12to18_day	14	1001	0.013986
00_12to18_day	21	1001	0.020979
00_12to18_day	17	1001	0.016983
00_12to18_day	14	1001	0.013986
00_12to18_day	12	1001	0.011988
00_12to18_day	12	1001	0.011988
00_12to18_day	23	1001	0.022977
00_12to18_day	84	1001	0.083916
00_12to18_day	13	1001	0.012987
00_12to18_day	20	1001	0.019980
00_12to18_day	14	1001	0.013986
00_12to18_day	19	1001	0.018981
00_12to18_day	20	1001	0.019980
00_12to18_day	2	1001	0.001998
00_12to18_day	8	1001	0.007992
00_12to18_day	7	1001	0.006993
00_12to18_day	16	1001	0.015984
00_12to18_day	11	1001	0.010989
00_12to18_day	9	1001	0.008991
00_12to18_day	4	1001	0.003996
00_12to18_day	20	1001	0.019980
00_12to18_day	4	1001	0.003996
00_12to18_day	14	1001	0.013986
00_12to18_day	7	1001	0.006993
00_12to18_day	7	1001	0.006993
00_12to18_day	5	1001	0.004995
00_12to18_day	5	1001	0.004995
00_12to18_day	5	1001	0.004995
00_12to18_day	10	1001	0.009990
00_12to18_day	8	1001	0.007992
00_12to18_day	9	1001	0.008991
00_12to18_day	14	1001	0.013986
00_12to18_day	6	1001	0.005994
00_12to18_day	6	1001	0.005994
00_12to18_day	14	1001	0.013986
00_12to18_day	2	1001	0.001998
00_12to18_day	9	1001	0.008991
00_12to18_day	16	1001	0.015984
00_12to18_day	15	1001	0.014985
00_12to18_day	9	1001	0.008991
00_12to18_day	11	1001	0.010989
00_12to18_day	10	1001	0.009990
00_12to18_day	18	1001	0.017982
00_12to18_day	12	1001	0.011988
00_12to18_day	12	1001	0.011988
00_12to18_day	13	1001	0.012987
00_12to18_day	13	1001	0.012987
00_12to18_day	7	1001	0.006993
00_12to18_day	16	1001	0.015984
00_12to18_day	12	1001	0.011988
00_12to18_day	9	1001	0.008991
00_12to18_day	14	1001	0.013986
00_12to18_day	5	1001	0.004995
00_12to18_day	17	1001	0.016983
00_12to18_day	11	1001	0.010989
00_12to18_day	9	1001	0.008991
00_12to18_day	45	1001	0.044955
00_12to18_day	28	1001	0.027972
00_12to18_day	23	1001	0.022977
00_12to18_day	16	1001	0.015984
00_12to18_day	14	1001	0.013986
00_12to18_day	5	1001	0.004995
00_12to18_day	7	1001	0.006993
00_12to18_day	18	1001	0.017982
00_12to18_day	12	1001	0.011988
00_12to18_day	10	1001	0.009990
00_12to18_day	10	1001	0.009990
00_12to18_day	24	1001	0.023976
00_12to18_day	11	1001	0.010989
00_12to18_day	21	1001	0.020979
00_12to18_day	14	1001	0.013986
00_12to18_day	14	1001	0.013986
00_12to18_day	17	1001	0.016983
00_12to18_day	12	1001	0.011988
00_12to18_day	13	1001	0.012987
00_12to18_day	84	1001	0.083916
00_12to18_day	12	1001	0.011988
00_12to18_day	13	1001	0.012987
00_12to18_day	14	1001	0.013986
00_12to18_day	20	1001	0.019980
00_12to18_day	23	1001	0.022977
00_12to18_day	2	1001	0.001998
00_12to18_day	8	1001	0.007992
00_12to18_day	16	1001	0.015984
00_12to18_day	19	1001	0.018981
00_12to18_day	20	1001	0.019980
00_12to18_day	7	1001	0.006993
00_12to18_day	4	1001	0.003996
00_12to18_day	9	1001	0.008991
00_12to18_day	4	1001	0.003996
00_12to18_day	20	1001	0.019980
00_12to18_day	11	1001	0.010989
00_12to18_day	14	1001	0.013986
00_12to18_day	5	1001	0.004995
00_12to18_day	5	1001	0.004995
00_12to18_day	7	1001	0.006993
00_12to18_day	10	1001	0.009990
00_12to18_day	7	1001	0.006993
00_12to18_day	5	1001	0.004995
00_12to18_day	6	1001	0.005994
00_12to18_day	14	1001	0.013986
00_12to18_day	8	1001	0.007992
00_12to18_day	14	1001	0.013986
00_12to18_day	6	1001	0.005994
00_12to18_day	9	1001	0.008991
00_12to18_day	15	1001	0.014985
00_12to18_day	2	1001	0.001998
00_12to18_day	16	1001	0.015984
00_12to18_day	9	1001	0.008991
00_12to18_day	9	1001	0.008991
00_12to18_day	11	1001	0.010989
00_12to18_day	13	1001	0.012987
00_12to18_day	12	1001	0.011988
00_12to18_day	10	1001	0.009990
00_12to18_day	18	1001	0.017982
00_12to18_day	13	1001	0.012987
00_12to18_day	12	1001	0.011988
00_12to18_day	16	1001	0.015984
00_12to18_day	7	1001	0.006993
00_12to18_day	5	1001	0.004995
00_12to18_day	14	1001	0.013986
00_12to18_day	12	1001	0.011988
00_12to18_day	9	1001	0.008991
00_12to18_day	23	1001	0.022977
00_12to18_day	11	1001	0.010989
00_12to18_day	17	1001	0.016983
00_12to18_day	9	1001	0.008991
00_12to18_day	45	1001	0.044955
00_12to18_day	28	1001	0.027972
00_12to18_day	5	1001	0.004995
00_12to18_day	18	1001	0.017982
00_12to18_day	12	1001	0.011988
00_12to18_day	14	1001	0.013986
00_12to18_day	7	1001	0.006993
00_12to18_day	16	1001	0.015984
00_12to18_day	10	1001	0.009990
00_12to18_day	10	1001	0.009990
00_12to18_day	11	1001	0.010989
00_12to18_day	24	1001	0.023976
200_02to0507_day	18	501	0.035928
200_02to0507_day	10	501	0.019960
200_02to0507_day	7	501	0.013972
200_02to0507_day	14	501	0.027944
200_02to0507_day	14	501	0.027944
200_02to0507_day	17	501	0.033932
200_02to0507_day	13	501	0.025948
200_02to0507_day	11	501	0.021956
200_02to0507_day	12	501	0.023952
200_02to0507_day	8	501	0.015968
200_02to0507_day	7	501	0.013972
200_02to0507_day	9	501	0.017964
200_02to0507_day	8	501	0.015968
200_02to0507_day	12	501	0.023952
200_02to0507_day	13	501	0.025948
200_02to0507_day	10	501	0.019960
200_02to0507_day	12	501	0.023952
200_02to0507_day	8	501	0.015968
200_02to0507_day	10	501	0.019960
200_02to0507_day	12	501	0.023952
200_02to0507_day	13	501	0.025948
200_02to0507_day	9	501	0.017964
200_02to0507_day	5	501	0.009980
200_02to0507_day	8	501	0.015968
200_02to0507_day	10	501	0.019960
200_02to0507_day	11	501	0.021956
200_02to0507_day	7	501	0.013972
200_02to0507_day	14	501	0.027944
200_02to0507_day	18	501	0.035928
200_02to0507_day	9	501	0.017964
200_02to0507_day	7	501	0.013972
200_02to0507_day	6	501	0.011976
200_02to0507_day	17	501	0.033932
200_02to0507_day	11	501	0.021956
200_02to0507_day	7	501	0.013972
200_02to0507_day	7	501	0.013972
200_02to0507_day	11	501	0.021956
200_02to0507_day	7	501	0.013972
200_02to0507_day	15	501	0.029940
200_02to0507_day	8	501	0.015968
200_02to0507_day	7	501	0.013972
200_02to0507_day	17	501	0.033932
200_02to0507_day	14	501	0.027944
200_02to0507_day	18	501	0.035928
200_02to0507_day	14	501	0.027944
200_02to0507_day	10	501	0.019960
200_02to0507_day	13	501	0.025948
200_02to0507_day	7	501	0.013972
200_02to0507_day	11	501	0.021956
200_02to0507_day	12	501	0.023952
200_02to0507_day	9	501	0.017964
200_02to0507_day	8	501	0.015968
200_02to0507_day	12	501	0.023952
200_02to0507_day	8	501	0.015968
200_02to0507_day	13	501	0.025948
200_02to0507_day	12	501	0.023952
200_02to0507_day	10	501	0.019960
200_02to0507_day	8	501	0.015968
200_02to0507_day	13	501	0.025948
200_02to0507_day	10	501	0.019960
200_02to0507_day	8	501	0.015968
200_02to0507_day	5	501	0.009980
200_02to0507_day	9	501	0.017964
200_02to0507_day	12	501	0.023952
200_02to0507_day	14	501	0.027944
200_02to0507_day	10	501	0.019960
200_02to0507_day	11	501	0.021956
200_02to0507_day	9	501	0.017964
200_02to0507_day	18	501	0.035928
200_02to0507_day	7	501	0.013972
200_02to0507_day	7	501	0.013972
200_02to0507_day	17	501	0.033932
200_02to0507_day	7	501	0.013972
200_02to0507_day	11	501	0.021956
200_02to0507_day	6	501	0.011976
200_02to0507_day	7	501	0.013972
200_02to0507_day	11	501	0.021956
200_02to0507_day	8	501	0.015968
200_02to0507_day	7	501	0.013972
200_02to0507_day	15	501	0.029940
200_02to0507_day	10	501	0.019960
200_02to0507_day	18	501	0.035928
200_02to0507_day	17	501	0.033932
200_02to0507_day	14	501	0.027944
200_02to0507_day	14	501	0.027944
200_02to0507_day	7	501	0.013972
200_02to0507_day	12	501	0.023952
200_02to0507_day	9	501	0.017964
200_02to0507_day	8	501	0.015968
200_02to0507_day	13	501	0.025948
200_02to0507_day	7	501	0.013972
200_02to0507_day	11	501	0.021956
200_02to0507_day	12	501	0.023952
200_02to0507_day	10	501	0.019960
200_02to0507_day	13	501	0.025948
200_02to0507_day	8	501	0.015968
200_02to0507_day	8	501	0.015968
200_02to0507_day	12	501	0.023952
200_02to0507_day	5	501	0.009980
200_02to0507_day	8	501	0.015968
200_02to0507_day	10	501	0.019960
200_02to0507_day	12	501	0.023952
200_02to0507_day	13	501	0.025948
200_02to0507_day	9	501	0.017964
200_02to0507_day	9	501	0.017964
200_02to0507_day	14	501	0.027944
200_02to0507_day	11	501	0.021956
200_02to0507_day	7	501	0.013972
200_02to0507_day	10	501	0.019960
200_02to0507_day	18	501	0.035928
200_02to0507_day	17	501	0.033932
200_02to0507_day	11	501	0.021956
200_02to0507_day	6	501	0.011976
200_02to0507_day	7	501	0.013972
200_02to0507_day	7	501	0.013972
200_02to0507_day	7	501	0.013972
200_02to0507_day	8	501	0.015968
200_02to0507_day	7	501	0.013972
200_02to0507_day	15	501	0.029940
200_02to0507_day	11	501	0.021956
200_02to0507_day	10	501	0.019960
200_02to0507_day	14	501	0.027944
200_02to0507_day	18	501	0.035928
200_02to0507_day	17	501	0.033932
200_02to0507_day	14	501	0.027944
200_02to0507_day	7	501	0.013972
200_02to0507_day	8	501	0.015968
200_02to0507_day	9	501	0.017964
200_02to0507_day	13	501	0.025948
200_02to0507_day	12	501	0.023952
200_02to0507_day	7	501	0.013972
200_02to0507_day	11	501	0.021956
200_02to0507_day	10	501	0.019960
200_02to0507_day	12	501	0.023952
200_02to0507_day	8	501	0.015968
200_02to0507_day	13	501	0.025948
200_02to0507_day	12	501	0.023952
200_02to0507_day	8	501	0.015968
200_02to0507_day	5	501	0.009980
200_02to0507_day	12	501	0.023952
200_02to0507_day	8	501	0.015968
200_02to0507_day	13	501	0.025948
200_02to0507_day	10	501	0.019960
200_02to0507_day	9	501	0.017964
200_02to0507_day	11	501	0.021956
200_02to0507_day	10	501	0.019960
200_02to0507_day	14	501	0.027944
200_02to0507_day	9	501	0.017964
200_02to0507_day	7	501	0.013972
200_02to0507_day	18	501	0.035928
200_02to0507_day	11	501	0.021956
200_02to0507_day	17	501	0.033932
200_02to0507_day	7	501	0.013972
200_02to0507_day	7	501	0.013972
200_02to0507_day	7	501	0.013972
200_02to0507_day	6	501	0.011976
200_02to0507_day	8	501	0.015968
200_02to0507_day	7	501	0.013972
200_02to0507_day	15	501	0.029940
200_02to0507_day	11	501	0.021956
200_02to0507_day	14	501	0.027944
200_02to0507_day	14	501	0.027944
200_02to0507_day	18	501	0.035928
200_02to0507_day	10	501	0.019960
200_02to0507_day	7	501	0.013972
200_02to0507_day	17	501	0.033932
200_02to0507_day	11	501	0.021956
200_02to0507_day	9	501	0.017964
200_02to0507_day	12	501	0.023952
200_02to0507_day	8	501	0.015968
200_02to0507_day	7	501	0.013972
200_02to0507_day	13	501	0.025948
200_02to0507_day	10	501	0.019960
200_02to0507_day	12	501	0.023952
200_02to0507_day	8	501	0.015968
200_02to0507_day	12	501	0.023952
200_02to0507_day	8	501	0.015968
200_02to0507_day	13	501	0.025948
200_02to0507_day	9	501	0.017964
200_02to0507_day	13	501	0.025948
200_02to0507_day	12	501	0.023952
200_02to0507_day	5	501	0.009980
200_02to0507_day	8	501	0.015968
200_02to0507_day	10	501	0.019960
200_02to0507_day	11	501	0.021956
200_02to0507_day	9	501	0.017964
200_02to0507_day	14	501	0.027944
200_02to0507_day	7	501	0.013972
200_02to0507_day	18	501	0.035928
200_02to0507_day	10	501	0.019960
200_02to0507_day	7	501	0.013972
200_02to0507_day	7	501	0.013972
200_02to0507_day	11	501	0.021956
200_02to0507_day	6	501	0.011976
200_02to0507_day	7	501	0.013972
200_02to0507_day	17	501	0.033932
200_02to0507_day	8	501	0.015968
200_02to0507_day	11	501	0.021956
200_02to0507_day	15	501	0.029940
200_02to0507_day	7	501	0.013972
200_02to0507_day	14	501	0.027944
200_02to0507_day	17	501	0.033932
200_02to0507_day	10	501	0.019960
200_02to0507_day	18	501	0.035928
200_02to0507_day	14	501	0.027944
200_02to0507_day	7	501	0.013972
200_02to0507_day	8	501	0.015968
200_02to0507_day	9	501	0.017964
200_02to0507_day	12	501	0.023952
200_02to0507_day	7	501	0.013972
200_02to0507_day	13	501	0.025948
200_02to0507_day	11	501	0.021956
200_02to0507_day	12	501	0.023952
200_02to0507_day	8	501	0.015968
200_02to0507_day	10	501	0.019960
200_02to0507_day	8	501	0.015968
200_02to0507_day	12	501	0.023952
200_02to0507_day	13	501	0.025948
200_02to0507_day	5	501	0.009980
200_02to0507_day	12	501	0.023952
200_02to0507_day	13	501	0.025948
200_02to0507_day	10	501	0.019960
200_02to0507_day	8	501	0.015968
200_02to0507_day	9	501	0.017964
200_02to0507_day	11	501	0.021956
200_02to0507_day	9	501	0.017964
200_02to0507_day	14	501	0.027944
200_02to0507_day	18	501	0.035928
200_02to0507_day	10	501	0.019960
200_02to0507_day	7	501	0.013972
200_02to0507_day	7	501	0.013972
200_02to0507_day	7	501	0.013972
200_02to0507_day	7	501	0.013972
200_02to0507_day	6	501	0.011976
200_02to0507_day	17	501	0.033932
200_02to0507_day	11	501	0.021956
200_02to0507_day	11	501	0.021956
200_02to0507_day	8	501	0.015968
200_02to0507_day	7	501	0.013972
200_02to0507_day	15	501	0.029940
200_02to0507_day	17	501	0.033932
200_02to0507_day	18	501	0.035928
200_02to0507_day	7	501	0.013972
200_02to0507_day	14	501	0.027944
200_02to0507_day	10	501	0.019960
200_02to0507_day	14	501	0.027944
200_02to0507_day	12	501	0.023952
200_02to0507_day	7	501	0.013972
200_02to0507_day	11	501	0.021956
200_02to0507_day	13	501	0.025948
200_02to0507_day	8	501	0.015968
200_02to0507_day	9	501	0.017964
200_02to0507_day	8	501	0.015968
200_02to0507_day	13	501	0.025948
200_02to0507_day	12	501	0.023952
200_02to0507_day	8	501	0.015968
200_02to0507_day	12	501	0.023952
200_02to0507_day	10	501	0.019960
200_02to0507_day	8	501	0.015968
200_02to0507_day	10	501	0.019960
200_02to0507_day	13	501	0.025948
200_02to0507_day	9	501	0.017964
200_02to0507_day	5	501	0.009980
200_02to0507_day	12	501	0.023952
200_02to0507_day	9	501	0.017964
200_02to0507_day	11	501	0.021956
200_02to0507_day	10	501	0.019960
200_02to0507_day	18	501	0.035928
200_02to0507_day	7	501	0.013972
200_02to0507_day	14	501	0.027944
200_02to0507_day	11	501	0.021956
200_02to0507_day	7	501	0.013972
200_02to0507_day	17	501	0.033932
200_02to0507_day	6	501	0.011976
200_02to0507_day	7	501	0.013972
200_02to0507_day	7	501	0.013972
200_02to0507_day	8	501	0.015968
200_02to0507_day	11	501	0.021956
200_02to0507_day	15	501	0.029940
200_02to0507_day	7	501	0.013972
200_02to0507_day	10	501	0.019960
200_02to0507_day	14	501	0.027944
200_02to0507_day	14	501	0.027944
200_02to0507_day	17	501	0.033932
200_02to0507_day	7	501	0.013972
200_02to0507_day	18	501	0.035928
200_02to0507_day	8	501	0.015968
200_02to0507_day	9	501	0.017964
200_02to0507_day	12	501	0.023952
200_02to0507_day	7	501	0.013972
200_02to0507_day	11	501	0.021956
200_02to0507_day	13	501	0.025948
200_02to0507_day	12	501	0.023952
200_02to0507_day	10	501	0.019960
200_02to0507_day	8	501	0.015968
200_02to0507_day	8	501	0.015968
200_02to0507_day	13	501	0.025948
200_02to0507_day	12	501	0.023952
200_02to0507_day	10	501	0.019960
200_02to0507_day	9	501	0.017964
200_02to0507_day	5	501	0.009980
200_02to0507_day	13	501	0.025948
200_02to0507_day	8	501	0.015968
200_02to0507_day	12	501	0.023952
200_02to0507_day	9	501	0.017964
200_02to0507_day	18	501	0.035928
200_02to0507_day	11	501	0.021956
200_02to0507_day	10	501	0.019960
200_02to0507_day	14	501	0.027944
200_02to0507_day	7	501	0.013972
200_02to0507_day	7	501	0.013972
200_02to0507_day	6	501	0.011976
200_02to0507_day	7	501	0.013972
200_02to0507_day	17	501	0.033932
200_02to0507_day	11	501	0.021956
200_02to0507_day	7	501	0.013972
200_02to0507_day	7	501	0.013972
200_02to0507_day	11	501	0.021956
200_02to0507_day	8	501	0.015968
200_02to0507_day	15	501	0.029940
200_02to0507_day	7	501	0.013972
200_02to0507_day	18	501	0.035928
200_02to0507_day	10	501	0.019960
200_02to0507_day	14	501	0.027944
200_02to0507_day	17	501	0.033932
200_02to0507_day	14	501	0.027944
200_02to0507_day	9	501	0.017964
200_02to0507_day	13	501	0.025948
200_02to0507_day	7	501	0.013972
200_02to0507_day	11	501	0.021956
200_02to0507_day	12	501	0.023952
200_02to0507_day	8	501	0.015968
200_02to0507_day	12	501	0.023952
200_02to0507_day	10	501	0.019960
200_02to0507_day	8	501	0.015968
200_02to0507_day	13	501	0.025948
200_02to0507_day	8	501	0.015968
200_02to0507_day	12	501	0.023952
200_02to0507_day	10	501	0.019960
200_02to0507_day	8	501	0.015968
200_02to0507_day	5	501	0.009980
200_02to0507_day	13	501	0.025948
200_02to0507_day	12	501	0.023952
200_02to0507_day	9	501	0.017964
200_02to0507_day	10	501	0.019960
200_02to0507_day	14	501	0.027944
200_02to0507_day	11	501	0.021956
200_02to0507_day	9	501	0.017964
200_02to0507_day	7	501	0.013972
200_02to0507_day	18	501	0.035928
200_02to0507_day	7	501	0.013972
200_02to0507_day	6	501	0.011976
200_02to0507_day	17	501	0.033932
200_02to0507_day	7	501	0.013972
200_02to0507_day	7	501	0.013972
200_02to0507_day	11	501	0.021956
200_02to0507_day	15	501	0.029940
200_02to0507_day	7	501	0.013972
200_02to0507_day	11	501	0.021956
200_02to0507_day	8	501	0.015968
200_02to0507_day	7	501	0.013972
200_02to0507_day	18	501	0.035928
200_02to0507_day	14	501	0.027944
200_02to0507_day	10	501	0.019960
200_02to0507_day	17	501	0.033932
200_02to0507_day	14	501	0.027944
200_02to0507_day	9	501	0.017964
200_02to0507_day	13	501	0.025948
200_02to0507_day	7	501	0.013972
200_02to0507_day	11	501	0.021956
200_02to0507_day	12	501	0.023952
200_02to0507_day	8	501	0.015968
200_02to0507_day	12	501	0.023952
200_02to0507_day	10	501	0.019960
200_02to0507_day	8	501	0.015968
200_02to0507_day	8	501	0.015968
200_02to0507_day	13	501	0.025948
200_02to0507_day	12	501	0.023952
200_02to0507_day	10	501	0.019960
200_02to0507_day	8	501	0.015968
200_02to0507_day	5	501	0.009980
200_02to0507_day	13	501	0.025948
200_02to0507_day	12	501	0.023952
200_02to0507_day	9	501	0.017964
200_02to0507_day	10	501	0.019960
200_02to0507_day	14	501	0.027944
200_02to0507_day	9	501	0.017964
200_02to0507_day	11	501	0.021956
200_02to0507_day	7	501	0.013972
200_02to0507_day	18	501	0.035928
200_02to0507_day	7	501	0.013972
200_02to0507_day	17	501	0.033932
200_02to0507_day	6	501	0.011976
200_02to0507_day	7	501	0.013972
200_02to0507_day	7	501	0.013972
200_02to0507_day	11	501	0.021956
200_02to0507_day	15	501	0.029940
200_02to0507_day	7	501	0.013972
200_02to0507_day	11	501	0.021956
200_02to0507_day	8	501	0.015968
200_02to0507_day	7	501	0.013972
200_02to0507_day	18	501	0.035928
200_02to0507_day	10	501	0.019960
200_02to0507_day	14	501	0.027944
200_02to0507_day	17	501	0.033932
200_02to0507_day	14	501	0.027944
200_02to0507_day	9	501	0.017964
200_02to0507_day	13	501	0.025948
200_02to0507_day	7	501	0.013972
200_02to0507_day	11	501	0.021956
200_02to0507_day	12	501	0.023952
200_02to0507_day	8	501	0.015968
200_02to0507_day	12	501	0.023952
200_02to0507_day	10	501	0.019960
200_02to0507_day	8	501	0.015968
200_02to0507_day	8	501	0.015968
200_02to0507_day	12	501	0.023952
200_02to0507_day	13	501	0.025948
200_02to0507_day	10	501	0.019960
200_02to0507_day	8	501	0.015968
200_02to0507_day	5	501	0.009980
200_02to0507_day	13	501	0.025948
200_02to0507_day	12	501	0.023952
200_02to0507_day	9	501	0.017964
200_02to0507_day	10	501	0.019960
200_02to0507_day	14	501	0.027944
200_02to0507_day	11	501	0.021956
200_02to0507_day	9	501	0.017964
200_02to0507_day	7	501	0.013972
200_02to0507_day	18	501	0.035928
200_02to0507_day	7	501	0.013972
200_02to0507_day	6	501	0.011976
200_02to0507_day	17	501	0.033932
200_02to0507_day	7	501	0.013972
200_02to0507_day	7	501	0.013972
200_02to0507_day	11	501	0.021956
200_02to0507_day	15	501	0.029940
200_02to0507_day	7	501	0.013972
200_02to0507_day	11	501	0.021956
200_02to0507_day	8	501	0.015968
200_02to0507_day	10	501	0.019960
200_02to0507_day	17	501	0.033932
200_02to0507_day	14	501	0.027944
200_02to0507_day	14	501	0.027944
200_02to0507_day	7	501	0.013972
200_02to0507_day	18	501	0.035928
200_02to0507_day	8	501	0.015968
200_02to0507_day	13	501	0.025948
200_02to0507_day	12	501	0.023952
200_02to0507_day	11	501	0.021956
200_02to0507_day	7	501	0.013972
200_02to0507_day	9	501	0.017964
200_02to0507_day	12	501	0.023952
200_02to0507_day	10	501	0.019960
200_02to0507_day	13	501	0.025948
200_02to0507_day	8	501	0.015968
200_02to0507_day	8	501	0.015968
200_02to0507_day	12	501	0.023952
200_02to0507_day	8	501	0.015968
200_02to0507_day	5	501	0.009980
200_02to0507_day	10	501	0.019960
200_02to0507_day	13	501	0.025948
200_02to0507_day	12	501	0.023952
200_02to0507_day	9	501	0.017964
200_02to0507_day	9	501	0.017964
200_02to0507_day	18	501	0.035928
200_02to0507_day	14	501	0.027944
200_02to0507_day	11	501	0.021956
200_02to0507_day	7	501	0.013972
200_02to0507_day	10	501	0.019960
200_02to0507_day	17	501	0.033932
200_02to0507_day	11	501	0.021956
200_02to0507_day	7	501	0.013972
200_02to0507_day	7	501	0.013972
200_02to0507_day	6	501	0.011976
200_02to0507_day	7	501	0.013972
200_02to0507_day	8	501	0.015968
200_02to0507_day	7	501	0.013972
200_02to0507_day	15	501	0.029940
200_02to0507_day	11	501	0.021956
200_02to0507_day	7	501	0.013972
200_02to0507_day	14	501	0.027944
200_02to0507_day	14	501	0.027944
200_02to0507_day	17	501	0.033932
200_02to0507_day	18	501	0.035928
200_02to0507_day	10	501	0.019960
200_02to0507_day	8	501	0.015968
200_02to0507_day	7	501	0.013972
200_02to0507_day	12	501	0.023952
200_02to0507_day	9	501	0.017964
200_02to0507_day	13	501	0.025948
200_02to0507_day	11	501	0.021956
200_02to0507_day	13	501	0.025948
200_02to0507_day	10	501	0.019960
200_02to0507_day	8	501	0.015968
200_02to0507_day	12	501	0.023952
200_02to0507_day	12	501	0.023952
200_02to0507_day	8	501	0.015968
200_02to0507_day	5	501	0.009980
200_02to0507_day	9	501	0.017964
200_02to0507_day	12	501	0.023952
200_02to0507_day	10	501	0.019960
200_02to0507_day	8	501	0.015968
200_02to0507_day	13	501	0.025948
200_02to0507_day	7	501	0.013972
200_02to0507_day	14	501	0.027944
200_02to0507_day	18	501	0.035928
200_02to0507_day	11	501	0.021956
200_02to0507_day	9	501	0.017964
200_02to0507_day	10	501	0.019960
200_02to0507_day	7	501	0.013972
200_02to0507_day	6	501	0.011976
200_02to0507_day	11	501	0.021956
200_02to0507_day	17	501	0.033932
200_02to0507_day	7	501	0.013972
200_02to0507_day	7	501	0.013972
200_02to0507_day	15	501	0.029940
200_02to0507_day	11	501	0.021956
200_02to0507_day	8	501	0.015968
200_02to0507_day	7	501	0.013972
