BL_1_testdata={-0.189016,-0.177691,-0.340824,-0.189385,-0.641437,-0.096874,0.001068,-0.239411}
BL_17_cosmics_vb58_50k_2808={0.216789,0.028940,-0.075950,0.191070,-0.069346,-0.239871,-0.034445,-0.050562}
BL_1_testdata={-0.189016,-0.177691,-0.340824,-0.189385,-0.641437,-0.096874,0.001068,-0.239411}
BL_33_dc_vb58_pcbd={-0.213288,-0.193727,-0.362249,-0.194624,-0.645214,-0.121851,-0.061625,-0.288775}
BL_17_cosmics_vb58_50k_2808={0.216789,0.028940,-0.075950,0.191070,-0.069346,-0.239871,-0.034445,-0.050562}
BL_1_testdata={-0.189016,-0.177691,-0.340824,-0.189385,-0.641437,-0.096874,0.001068,-0.239411}
BL_33_dc_vb58_pcbd={-0.213288,-0.193727,-0.362249,-0.194624,-0.645214,-0.121851,-0.061625,-0.288775}
BL_17_cosmics_vb58_50k_2808={0.216789,0.028940,-0.075950,0.191070,-0.069346,-0.239871,-0.034445,-0.050562}
BL_1_testdata={-0.189016,-0.177691,-0.340824,-0.189385,-0.641437,-0.096874,0.001068,-0.239411}
BL_33_dc_vb58_pcbd={-0.213288,-0.193727,-0.362249,-0.194624,-0.645214,-0.121851,-0.061625,-0.288775}
BL_17_cosmics_vb58_50k_2808={0.216789,0.028940,-0.075950,0.191070,-0.069346,-0.239871,-0.034445,-0.050562}
BL_1_testdata={-0.189016,-0.177691,-0.340824,-0.189385,-0.641437,-0.096874,0.001068,-0.239411}
BL_33_dc_vb58_pcbd={-0.213288,-0.193727,-0.362249,-0.194624,-0.645214,-0.121851,-0.061625,-0.288775}
BL_33_dc_vb58_pcbd={-0.213288,-0.193727,-0.362249,-0.194624,-0.645214,-0.121851,-0.061625,-0.288775}
BL_33_dc_iw33={-0.213288,-0.193727,-0.362249,-0.194624,-0.645214,-0.121851,-0.061625,-0.288775}
BL_17_cosmics_vb58_50k_2808={0.216653,0.029041,-0.076037,0.191073,-0.069393,-0.240075,-0.034427,-0.050418}
BL_1_testdata={-0.189016,-0.177691,-0.340824,-0.189385,-0.641437,-0.096874,0.001068,-0.239411}
BL_17_cosmics_vb58_50k_2808={0.216789,0.028940,-0.075950,0.191070,-0.069346,-0.239871,-0.034445,-0.050562}
BL_1_testdata={-0.189016,-0.177691,-0.340824,-0.189385,-0.641437,-0.096874,0.001068,-0.239411}
BL_17_cosmics_vb58_50k_2808={0.216789,0.028940,-0.075950,0.191070,-0.069346,-0.239871,-0.034445,-0.050562}
BL_1_testdata={-0.189016,-0.177691,-0.340824,-0.189385,-0.641437,-0.096874,0.001068,-0.239411}
BL_17_cosmics_vb58_50k_2808={0.216789,0.028940,-0.075950,0.191070,-0.069346,-0.239871,-0.034445,-0.050562}
BL_1_testdata={-0.189016,-0.177691,-0.340824,-0.189385,-0.641437,-0.096874,0.001068,-0.239411}
BL_17_cosmics_vb58_50k_2808={0.216789,0.028940,-0.075950,0.191070,-0.069346,-0.239871,-0.034445,-0.050562}
BL_1_testdata={-0.189016,-0.177691,-0.340824,-0.189385,-0.641437,-0.096874,0.001068,-0.239411}
BL_17_cosmics_vb58_50k_2808={0.216789,0.028940,-0.075950,0.191070,-0.069346,-0.239871,-0.034445,-0.050562}
BL_1_testdata={-0.189016,-0.177691,-0.340824,-0.189385,-0.641437,-0.096874,0.001068,-0.239411}
BL_17_cosmics_vb58_50k_2808={0.216789,0.028940,-0.075950,0.191070,-0.069346,-0.239871,-0.034445,-0.050562}
BL_1_testdata={-0.189016,-0.177691,-0.340824,-0.189385,-0.641437,-0.096874,0.001068,-0.239411}
BL_17_cosmics_vb58_50k_2808={0.216789,0.028940,-0.075950,0.191070,-0.069346,-0.239871,-0.034445,-0.050562}
BL_1_testdata={-0.189016,-0.177691,-0.340824,-0.189385,-0.641437,-0.096874,0.001068,-0.239411}
BL_17_cosmics_vb58_50k_2808={0.216789,0.028940,-0.075950,0.191070,-0.069346,-0.239871,-0.034445,-0.050562}
BL_1_testdata={-0.189016,-0.177691,-0.340824,-0.189385,-0.641437,-0.096874,0.001068,-0.239411}
BL_17_cosmics_vb58_50k_2808={0.225504,0.030504,-0.077799,0.198049,-0.075559,-0.242191,-0.039654,-0.049148}
BL_1_testdata={-0.189016,-0.177691,-0.340824,-0.189385,-0.641437,-0.096874,0.001068,-0.239411}
BL_17_cosmics_vb58_50k_2808={0.216119,0.028922,-0.076038,0.190616,-0.068995,-0.239704,-0.034341,-0.050816}
BL_1_testdata={-0.189016,-0.177691,-0.340824,-0.189385,-0.641437,-0.096874,0.001068,-0.239411}
BL_17_cosmics_vb58_50k_2808={0.212246,0.027536,-0.079947,0.184445,-0.071522,-0.242602,-0.033230,-0.054369}
BL_1_testdata={-0.189016,-0.177691,-0.340824,-0.189385,-0.641437,-0.096874,0.001068,-0.239411}
BL_17_cosmics_vb58_50k_2808={0.212246,0.027536,-0.079947,0.184445,-0.071522,-0.242602,-0.033230,-0.054369}
BL_1_testdata={-0.189016,-0.177691,-0.340824,-0.189385,-0.641437,-0.096874,0.001068,-0.239411}
BL_17_cosmics_vb58_50k_2808={0.212233,0.027322,-0.079601,0.184694,-0.071528,-0.242683,-0.033290,-0.054348}
BL_1_testdata={-0.189016,-0.177691,-0.340824,-0.189385,-0.641437,-0.096874,0.001068,-0.239411}
BL_17_cosmics_vb58_50k_2808={0.215986,0.028653,-0.076336,0.190693,-0.069267,-0.239589,-0.034661,-0.051145}
BL_1_testdata={-0.189016,-0.177691,-0.340824,-0.189385,-0.641437,-0.096874,0.001068,-0.239411}
BL_17_cosmics_vb58_50k_2808={0.215986,0.028653,-0.076336,0.190693,-0.069267,-0.239589,-0.034661,-0.051145}
BL_1_testdata={-0.189016,-0.177691,-0.340824,-0.189385,-0.641437,-0.096874,0.001068,-0.239411}
BL_17_cosmics_vb58_50k_2808={0.215986,0.028653,-0.076336,0.190693,-0.069267,-0.239589,-0.034661,-0.051145}
BL_1_testdata={-0.189016,-0.177691,-0.340824,-0.189385,-0.641437,-0.096874,0.001068,-0.239411}
BL_17_cosmics_vb58_50k_2808={0.212233,0.027322,-0.079601,0.184694,-0.071528,-0.242683,-0.033290,-0.054348}
BL_1_testdata={-0.189016,-0.177691,-0.340824,-0.189385,-0.641437,-0.096874,0.001068,-0.239411}
BL_17_cosmics_vb58_50k_2808={0.215986,0.028653,-0.076336,0.190693,-0.069267,-0.239589,-0.034661,-0.051145}
BL_1_testdata={-0.189016,-0.177691,-0.340824,-0.189385,-0.641437,-0.096874,0.001068,-0.239411}
BL_17_cosmics_vb58_50k_2808={0.215986,0.028653,-0.076336,0.190693,-0.069267,-0.239589,-0.034661,-0.051145}
BL_1_testdata={-0.189016,-0.177691,-0.340824,-0.189385,-0.641437,-0.096874,0.001068,-0.239411}
BL_17_cosmics_vb58_50k_2808={0.217066,0.029155,-0.075494,0.191209,-0.069456,-0.239644,-0.034184,-0.050685}
BL_1_testdata={-0.189016,-0.177691,-0.340824,-0.189385,-0.641437,-0.096874,0.001068,-0.239411}
BL_17_cosmics_vb58_50k_2808={0.217051,0.029178,-0.075495,0.191213,-0.069468,-0.239655,-0.034207,-0.050711}
BL_1_testdata={-0.189016,-0.177691,-0.340824,-0.189385,-0.641437,-0.096874,0.001068,-0.239411}
BL_17_cosmics_vb58_50k_2808={0.217416,0.028073,-0.076087,0.190138,-0.069818,-0.240135,-0.035146,-0.051338}
BL_1_testdata={-0.189016,-0.177691,-0.340824,-0.189385,-0.641437,-0.096874,0.001068,-0.239411}
BL_17_cosmics_vb58_50k_2808={0.216789,0.028940,-0.075950,0.191070,-0.069346,-0.239871,-0.034445,-0.050562}
BL_1_testdata={-0.189016,-0.177691,-0.340824,-0.189385,-0.641437,-0.096874,0.001068,-0.239411}
BL_17_cosmics_vb58_50k_2808={0.216789,0.028940,-0.075950,0.191070,-0.069346,-0.239871,-0.034445,-0.050562}
BL_1_testdata={-0.189016,-0.177691,-0.340824,-0.189385,-0.641437,-0.096874,0.001068,-0.239411}
BL_17_cosmics_vb58_50k_2808={0.216789,0.028940,-0.075950,0.191070,-0.069346,-0.239871,-0.034445,-0.050562}
BL_1_testdata={-0.189016,-0.177691,-0.340824,-0.189385,-0.641437,-0.096874,0.001068,-0.239411}
BL_17_cosmics_vb58_50k_2808={0.216789,0.028940,-0.075950,0.191070,-0.069346,-0.239871,-0.034445,-0.050562}
BL_1_testdata={-0.189016,-0.177691,-0.340824,-0.189385,-0.641437,-0.096874,0.001068,-0.239411}
BL_17_cosmics_vb58_50k_2808={0.216789,0.028940,-0.075950,0.191070,-0.069346,-0.239871,-0.034445,-0.050562}
BL_1_testdata={-0.189016,-0.177691,-0.340824,-0.189385,-0.641437,-0.096874,0.001068,-0.239411}
BL_17_cosmics_vb58_50k_2808={0.216789,0.028940,-0.075950,0.191070,-0.069346,-0.239871,-0.034445,-0.050562}
BL_1_testdata={-0.189016,-0.177691,-0.340824,-0.189385,-0.641437,-0.096874,0.001068,-0.239411}
